0 0.04447115384615385 0.18870192307692307 0.0889423076923077 0.15625
0 0.2127403846153846 0.09375 0.10336538461538461 0.12980769230769232
0 0.3137019230769231 0.11057692307692307 0.0889423076923077 0.125
0 0.3798076923076923 0.125 0.03365384615384615 0.11538461538461539
0 0.35216346153846156 0.23197115384615385 0.08173076923076923 0.0985576923076923
0 0.2692307692307692 0.2403846153846154 0.0673076923076923 0.11538461538461539
0 0.17908653846153846 0.22716346153846154 0.08173076923076923 0.0889423076923077
0 0.07572115384615384 0.08653846153846154 0.0985576923076923 0.10096153846153846
0 0.7728365384615384 0.5264423076923077 0.18990384615384615 0.20192307692307693
0 0.13701923076923078 0.8245192307692307 0.27403846153846156 0.34615384615384615
0 0.6911057692307693 0.8137019230769231 0.5841346153846154 0.36778846153846156
0 0.5817307692307693 0.9194711538461539 0.36538461538461536 0.15625