0 0.20072115384615385 0.0673076923076923 0.27163461538461536 0.1346153846153846
0 0.4735576923076923 0.06971153846153846 0.24519230769230768 0.13942307692307693
0 0.5216346153846154 0.18389423076923078 0.14903846153846154 0.23798076923076922
0 0.32091346153846156 0.234375 0.33413461538461536 0.3389423076923077
0 0.08052884615384616 0.29086538461538464 0.16105769230769232 0.2548076923076923
0 0.10216346153846154 0.4254807692307692 0.1466346153846154 0.16346153846153846
0 0.09495192307692307 0.42427884615384615 0.18990384615384615 0.1658653846153846
0 0.3545673076923077 0.45913461538461536 0.30528846153846156 0.09615384615384616
0 0.7980769230769231 0.2800480769230769 0.39903846153846156 0.4543269230769231
0 0.29086538461538464 0.7536057692307693 0.5817307692307693 0.4879807692307692
0 0.6971153846153846 0.7536057692307693 0.1971153846153846 0.4879807692307692